#Meta infos
20,15
#Processing times
15,4,68,3,23,11,38,2,31,6,63,10,45,9,14,8,95,1,64,12,86,5,26,15,60,13,17,7,58,14,37
15,4,10,15,74,7,10,14,84,9,52,3,54,2,87,10,21,5,100,13,14,8,60,11,40,1,42,12,32,6,37
15,15,29,8,57,14,33,7,30,5,99,1,45,13,19,10,68,2,54,3,76,12,39,9,61,11,86,4,35,6,23
15,11,23,13,62,15,48,10,94,4,88,1,47,6,42,14,20,8,68,12,57,7,13,2,31,3,23,5,33,9,45
15,8,93,7,61,6,100,2,70,15,29,11,86,5,79,3,73,10,83,4,13,9,72,13,42,14,51,1,95,12,44
15,2,13,12,43,3,17,4,82,6,52,9,72,14,84,7,61,10,24,5,81,13,34,1,27,15,54,8,16,11,37
15,11,69,12,17,4,98,5,25,13,98,10,58,9,38,7,73,1,73,3,59,6,55,15,20,8,72,14,17,2,38
15,1,68,8,93,14,84,13,68,2,82,4,44,5,94,10,10,9,89,6,24,12,68,3,41,15,69,11,11,7,44
15,11,30,13,29,1,69,2,31,7,90,4,19,12,26,3,18,5,50,6,92,15,33,8,44,14,36,9,75,10,30
15,13,93,4,14,15,47,9,81,6,32,14,39,5,42,3,83,7,90,2,45,11,100,8,11,12,67,1,53,10,98
15,8,92,13,83,12,38,11,43,2,86,4,31,6,35,14,26,9,24,1,34,10,71,5,69,7,29,15,74,3,78
15,10,52,2,26,3,48,5,57,15,75,4,26,9,34,12,51,13,17,7,19,8,100,1,98,11,55,14,77,6,30
15,1,17,2,28,9,65,11,64,12,50,7,64,6,39,3,14,15,66,8,57,10,100,13,91,14,14,5,76,4,99
15,1,12,14,20,9,88,7,58,3,100,13,68,8,77,11,79,4,19,10,73,15,18,2,35,5,93,12,27,6,74
15,15,10,13,85,4,64,9,100,1,26,8,67,14,19,10,90,2,51,6,97,3,62,7,60,5,75,12,74,11,96
15,9,50,2,31,6,79,7,99,13,92,5,76,15,10,14,62,12,46,10,78,3,28,11,80,4,81,8,27,1,19
15,10,37,7,71,6,27,13,67,12,51,15,94,4,19,3,44,8,82,1,91,11,93,5,100,14,15,2,28,9,67
15,7,79,15,38,9,99,4,21,8,65,14,25,11,27,2,94,1,52,6,40,13,34,12,65,10,64,5,98,3,24
15,15,77,14,73,5,23,7,80,4,33,2,90,10,45,11,30,12,47,9,33,6,94,3,68,13,77,8,86,1,36
15,2,10,9,35,15,98,1,24,12,95,6,33,7,67,3,22,14,68,10,61,11,35,4,94,5,35,13,86,8,82
#Setup times
0,37,18,17,31,31,32,18,37,30,15,15,26,34,14,27,26,18,22,40
40,0,19,22,30,29,29,17,13,22,22,37,16,23,19,23,29,18,19,36
17,18,0,13,35,22,25,32,22,35,19,20,21,33,29,19,33,37,27,18
15,10,28,0,32,15,23,14,40,18,28,24,29,29,13,14,11,18,29,14
17,23,28,17,0,27,12,39,18,16,17,18,40,33,32,18,24,22,26,24
24,35,13,39,27,0,10,31,13,21,23,34,17,35,12,23,20,25,39,28
38,29,33,29,22,26,0,40,24,20,25,14,39,10,19,13,21,27,32,29
31,21,30,39,25,28,23,0,21,33,18,14,28,12,21,19,37,24,35,34
16,26,15,11,35,21,29,18,0,29,36,26,37,32,28,35,40,28,33,14
13,20,22,38,33,26,40,21,16,0,12,13,23,26,24,13,14,36,33,23
38,27,18,15,38,37,25,34,17,29,0,21,39,26,28,24,28,29,29,37
28,20,11,40,24,16,27,27,19,31,23,0,20,36,29,26,21,21,33,17
38,26,39,24,39,31,40,40,27,26,19,35,0,32,16,20,27,40,27,32
18,17,21,35,12,12,26,39,28,33,27,35,26,0,16,17,30,15,36,37
16,33,37,12,22,10,30,16,30,37,12,33,13,25,0,39,11,13,26,23
14,35,23,40,30,32,33,35,21,17,34,23,16,38,15,0,33,10,16,16
12,22,13,34,39,34,31,40,34,33,35,20,28,33,19,12,0,21,26,21
30,19,26,14,15,13,13,18,10,40,11,35,14,11,13,34,35,0,25,29
17,34,24,33,12,11,12,10,20,23,39,37,13,15,37,28,14,21,0,13
18,37,36,15,20,36,35,24,15,13,26,35,11,32,26,19,39,32,28,0
