#Meta infos
20,15
#Processing times
15,4,80,2,93,5,68,1,45,6,59,15,40,12,40,14,91,13,94,7,65,11,93,10,12,3,82,9,59,8,14
15,13,44,12,73,11,35,4,28,8,63,6,23,5,12,9,69,1,62,14,69,10,11,7,10,15,59,2,92,3,61
15,2,96,4,77,10,72,5,69,8,50,1,32,13,33,9,75,3,39,12,17,11,49,15,65,6,64,14,45,7,57
15,2,98,13,69,10,33,1,62,12,52,3,46,8,10,7,74,14,58,5,85,6,81,11,18,9,94,15,17,4,76
15,5,80,2,22,3,67,13,98,6,97,15,30,4,78,11,66,7,50,9,44,10,12,14,32,1,70,12,62,8,18
15,10,37,3,40,6,51,12,71,4,58,11,47,2,33,1,18,14,69,9,51,8,19,13,32,5,68,7,86,15,97
15,15,78,13,46,10,14,3,61,1,45,11,32,8,67,14,12,4,58,6,55,5,60,12,93,9,42,7,78,2,56
15,8,19,11,85,14,13,15,84,5,66,3,74,10,63,1,26,6,36,7,97,9,91,4,16,2,76,12,56,13,79
15,12,96,6,54,13,100,4,80,11,90,5,30,7,32,14,62,2,88,15,93,9,18,10,61,1,49,8,83,3,95
15,10,82,14,67,9,64,4,42,1,49,6,12,7,92,13,42,11,76,2,93,12,72,3,63,15,12,8,57,5,74
15,5,97,12,66,8,82,3,56,6,94,11,58,7,81,10,30,9,42,15,44,1,43,13,10,2,90,14,45,4,58
15,2,10,1,92,13,60,12,91,15,94,14,74,8,49,3,74,6,59,11,43,4,20,9,100,7,72,5,38,10,84
15,5,16,7,50,4,91,1,95,15,33,8,35,11,67,14,77,13,76,9,44,2,40,6,19,10,91,12,100,3,38
15,11,59,2,28,8,24,7,99,4,72,3,51,6,100,9,12,15,58,1,61,13,19,5,36,12,90,14,23,10,48
15,8,99,9,92,4,63,15,50,6,46,3,47,14,98,1,97,13,20,7,100,2,17,11,86,5,47,12,29,10,27
15,10,70,15,61,11,98,13,52,1,94,12,27,6,17,4,33,8,40,5,78,7,100,3,13,2,18,14,38,9,37
15,3,56,15,86,8,10,11,27,10,69,9,88,14,76,13,46,6,89,4,96,7,33,2,20,5,63,12,50,1,72
15,11,36,15,61,5,48,8,33,6,92,14,62,9,20,10,18,7,43,3,20,1,98,2,74,4,28,13,57,12,72
15,13,11,10,16,8,91,15,40,12,64,2,52,4,34,11,84,9,14,3,58,6,87,5,14,7,84,1,71,14,81
15,4,51,13,22,5,13,2,91,6,67,11,37,10,36,3,21,8,29,7,46,15,80,12,38,9,80,14,82,1,25
#Setup times
0,35,35,23,20,12,10,23,20,36,35,38,17,35,19,21,15,13,22,36
25,0,20,37,30,32,28,12,14,40,16,37,18,13,18,13,24,26,38,21
19,26,0,36,19,21,29,39,13,30,12,25,28,33,34,17,18,13,23,33
35,13,13,0,10,34,22,10,19,27,32,34,31,10,38,28,28,15,18,20
25,29,35,12,0,27,15,26,22,18,24,34,27,18,22,16,23,35,20,13
33,14,40,31,34,0,39,14,14,28,13,39,13,23,15,19,11,21,17,10
12,35,31,22,15,38,0,21,18,18,35,16,36,29,13,24,20,28,11,31
23,20,11,23,34,25,38,0,29,21,12,14,35,13,26,19,13,30,32,18
18,14,36,24,14,22,14,15,0,23,36,32,33,22,23,34,28,14,11,21
12,26,40,37,40,39,26,32,37,0,38,26,36,33,14,24,14,26,39,16
18,10,24,28,13,31,30,38,40,13,0,29,27,34,28,20,25,24,40,28
10,36,37,14,11,40,24,34,14,32,30,0,28,19,26,39,30,30,12,33
37,21,21,15,13,17,19,36,28,33,33,19,0,23,29,24,21,28,25,27
31,10,25,29,31,17,18,23,25,17,31,18,36,0,38,26,37,27,16,39
12,11,11,27,17,35,11,26,36,19,12,25,30,10,0,38,26,32,15,37
20,40,32,20,29,39,20,15,15,11,21,12,24,35,31,0,13,16,24,34
11,17,10,26,25,10,27,22,14,30,33,21,35,38,29,15,0,30,39,11
33,38,25,11,33,20,20,17,38,33,18,22,15,23,30,27,32,0,10,40
37,32,21,25,29,32,14,17,16,34,37,32,38,16,25,12,24,38,0,24
19,16,37,31,14,12,22,16,15,20,26,12,26,15,10,15,15,21,11,0
