#Meta infos
20,15
#Processing times
15,5,80,2,88,9,66,8,85,1,56,7,81,3,66,15,62,13,36,11,56,4,54,10,63,12,87,14,99,6,61
15,6,97,12,36,1,61,5,50,8,40,7,52,4,50,3,22,2,28,15,22,13,94,10,79,14,12,11,82,9,89
15,6,100,8,95,2,37,7,46,9,51,1,74,5,68,12,51,3,100,14,66,15,41,4,67,11,52,10,52,13,79
15,14,87,12,45,3,27,11,94,9,65,13,50,8,53,4,84,6,78,10,84,15,71,7,39,2,18,1,57,5,71
15,15,12,9,43,12,17,6,96,3,75,4,55,10,25,14,20,11,44,1,13,8,22,2,20,7,13,13,29,5,43
15,7,57,4,56,1,51,14,82,12,22,9,91,10,84,15,80,5,46,13,87,8,29,2,24,6,36,11,87,3,89
15,1,68,15,30,13,14,4,41,8,56,6,79,2,13,5,19,11,86,12,38,7,73,10,89,3,45,14,53,9,54
15,9,68,13,18,2,66,3,94,7,92,15,11,10,54,5,46,14,17,8,34,6,91,12,16,11,95,1,39,4,36
15,10,91,7,22,11,27,14,90,1,21,9,89,15,28,3,76,12,16,13,40,8,63,4,79,6,10,5,17,2,96
15,1,30,5,50,2,22,13,95,9,47,7,73,14,40,12,89,11,34,3,78,4,66,15,68,8,20,6,91,10,40
15,10,87,11,36,4,40,12,12,13,46,3,23,6,13,14,37,9,50,7,20,15,100,1,15,2,35,5,17,8,92
15,4,83,14,24,5,14,3,60,6,87,10,11,15,98,11,91,9,15,7,37,8,72,1,10,13,30,2,88,12,70
15,3,66,10,56,8,23,6,73,7,85,11,71,4,14,1,17,13,59,15,13,9,10,2,10,12,85,14,81,5,47
15,14,39,11,65,15,62,4,87,5,86,12,44,1,52,10,57,9,82,3,47,13,10,7,31,8,61,6,64,2,23
15,14,90,4,86,2,50,3,70,5,24,8,10,10,84,15,33,6,80,13,21,11,60,1,98,12,62,9,69,7,12
15,8,29,10,83,13,59,7,15,6,95,14,65,4,54,11,57,2,45,1,35,9,90,15,82,5,30,12,39,3,74
15,7,76,2,88,15,70,13,66,5,68,1,36,12,58,11,26,3,50,4,41,8,53,14,57,6,55,9,36,10,37
15,10,77,7,80,6,53,12,72,13,19,3,30,9,38,4,50,1,66,14,24,5,31,15,80,11,65,2,85,8,75
15,11,28,13,79,1,14,8,18,2,76,5,47,9,21,15,38,12,11,4,77,3,47,6,29,10,37,7,73,14,17
15,1,69,6,40,4,70,7,82,9,77,13,84,3,79,11,33,2,54,8,13,10,44,5,24,12,62,15,53,14,52
#Setup times
0,16,33,20,34,16,40,26,32,39,29,29,28,10,40,10,28,14,11,37
24,0,10,34,16,31,25,21,11,20,24,39,22,22,27,14,36,13,29,14
33,27,0,15,24,18,37,36,24,16,39,36,33,23,21,10,37,18,15,26
40,18,15,0,40,32,33,11,40,14,28,26,33,39,15,38,23,40,33,29
36,29,13,33,0,31,16,35,14,34,18,34,15,31,26,22,22,40,10,32
23,23,23,18,17,0,31,14,38,24,16,18,32,11,16,31,22,16,35,37
16,24,17,12,28,33,0,17,36,35,15,21,11,27,23,17,22,31,37,24
20,22,23,32,26,28,19,0,31,23,27,33,10,29,33,19,11,30,37,15
12,21,24,18,29,29,32,30,0,21,30,35,28,12,32,24,33,17,18,30
34,33,19,32,19,30,33,30,29,0,14,27,40,14,13,16,20,32,14,34
36,28,36,31,18,33,40,34,26,15,0,31,40,30,25,22,14,18,38,18
24,15,12,21,38,15,31,19,34,15,27,0,24,31,10,20,12,37,29,32
22,34,12,15,10,17,23,14,16,11,23,30,0,26,23,19,20,10,38,27
10,21,32,24,19,19,26,35,14,19,25,11,38,0,18,32,30,11,35,40
30,32,25,24,25,26,16,39,32,39,28,13,40,11,0,15,26,31,38,30
22,29,26,29,14,28,16,27,19,17,16,24,32,30,29,0,27,37,25,14
37,35,38,25,38,12,12,19,39,23,32,18,29,10,11,35,0,19,36,35
30,17,29,23,32,19,39,24,10,14,30,15,18,28,13,14,10,0,29,10
27,36,17,21,10,11,32,25,22,28,15,30,24,40,13,16,35,29,0,27
19,11,22,28,15,22,40,13,14,18,22,36,18,32,18,16,31,22,17,0
