#Meta infos
20,20
#Processing times
20,19,70,3,86,7,77,10,24,2,48,16,54,13,78,12,84,11,39,14,71,9,79,20,55,5,79,8,50,17,80,1,64,15,55,4,98,18,34,6,57
20,10,52,14,15,18,68,16,73,20,63,2,94,1,56,11,97,15,43,17,40,9,74,13,59,7,32,3,89,12,88,5,24,4,99,8,11,6,47,19,25
20,11,53,19,79,12,79,10,88,14,26,1,53,18,14,16,12,7,27,17,10,13,24,2,31,8,66,6,21,3,14,15,41,20,94,5,70,9,79,4,23
20,10,97,2,20,6,46,1,74,17,91,14,14,20,90,5,40,13,59,4,49,19,67,11,45,18,61,16,93,7,83,12,48,15,78,8,30,3,38,9,10
20,20,29,6,78,12,67,11,28,14,38,1,53,16,36,19,32,4,74,3,62,7,75,9,77,10,28,8,58,13,13,15,77,2,61,5,94,18,17,17,77
20,4,56,5,53,11,23,15,18,7,74,8,26,12,96,17,42,13,38,20,65,9,56,2,95,10,13,3,90,6,52,18,87,14,35,19,18,1,27,16,46
20,6,14,9,77,16,36,4,89,17,19,1,19,7,48,20,94,11,93,14,27,18,34,3,82,2,10,10,61,5,66,12,13,15,19,19,67,8,76,13,64
20,2,59,16,25,10,100,6,22,17,96,19,80,13,83,12,67,15,23,4,46,9,53,5,75,18,43,1,89,14,75,8,76,20,81,7,74,11,70,3,62
20,8,43,4,10,19,24,16,90,13,47,18,53,6,14,10,97,5,74,14,86,9,29,7,95,17,10,12,83,11,43,20,95,3,85,1,49,2,64,15,88
20,10,38,6,66,12,81,2,84,5,80,14,64,8,61,9,53,3,15,16,46,11,15,18,37,20,51,19,44,7,81,15,54,13,32,17,49,4,24,1,56
20,19,19,7,82,9,72,18,53,2,49,20,15,5,62,16,85,14,47,4,85,13,21,3,32,8,100,17,77,1,60,6,39,11,75,12,85,10,34,15,28
20,4,71,2,39,1,22,16,25,5,92,15,66,10,13,6,17,9,81,13,79,18,54,7,61,8,66,12,27,14,75,19,39,20,31,17,11,3,64,11,83
20,7,71,16,64,4,90,14,81,18,87,17,70,15,72,1,21,11,93,19,93,13,42,5,88,8,73,20,46,2,46,9,72,6,83,10,91,3,10,12,19
20,8,65,17,62,14,64,9,43,3,24,19,74,5,16,1,81,10,75,18,81,6,52,4,89,15,56,13,11,20,14,7,60,11,20,2,49,16,15,12,89
20,8,95,5,69,15,56,19,42,17,65,1,68,11,45,14,90,9,68,6,86,16,14,20,56,13,51,12,71,7,42,3,55,18,52,10,38,2,100,4,79
20,9,30,7,43,6,66,20,95,13,75,14,46,11,93,16,99,3,85,1,51,8,14,15,45,12,59,5,42,17,68,4,69,10,25,2,37,19,79,18,75
20,9,24,10,30,6,60,19,31,17,45,15,82,7,30,13,13,14,66,20,72,11,15,5,94,2,76,1,40,12,66,4,96,16,32,3,25,8,17,18,55
20,14,91,18,71,11,46,9,49,8,97,6,18,16,29,4,71,1,11,10,87,5,54,2,46,15,83,7,79,20,58,13,42,12,37,19,69,17,60,3,97
20,13,85,8,13,17,10,1,69,10,64,11,100,2,55,4,79,20,68,7,83,16,36,15,87,3,48,18,32,9,35,14,17,19,59,12,36,6,47,5,10
20,17,27,2,41,8,17,3,72,12,68,4,83,9,75,1,68,18,61,6,74,14,70,10,99,20,38,16,27,7,98,11,92,19,58,13,89,15,19,5,67
#Setup times
0,32,24,30,25,35,10,22,32,23,14,17,22,12,31,35,14,25,32,22
36,0,30,17,36,16,17,21,39,23,24,16,22,11,11,29,35,15,28,22
24,22,0,16,17,29,16,10,16,28,22,19,13,38,10,11,34,23,24,19
23,35,39,0,10,37,34,16,16,33,26,14,14,37,17,29,20,13,17,18
22,24,16,28,0,40,33,30,21,22,10,26,37,35,19,35,22,20,32,13
23,14,39,40,34,0,24,20,25,37,39,35,12,19,39,26,30,31,16,32
28,28,34,35,11,39,0,19,39,23,40,31,33,18,27,18,29,27,11,38
32,15,15,22,29,37,20,0,10,16,14,36,15,12,32,32,28,24,33,24
29,17,19,36,14,17,15,21,0,11,38,37,30,18,16,40,37,16,29,21
15,32,29,39,30,36,28,29,39,0,31,13,18,19,34,21,12,31,24,12
19,13,21,34,26,22,36,20,32,24,0,28,34,14,18,13,39,12,20,14
28,13,12,26,30,26,13,23,10,27,30,0,17,12,25,34,32,19,34,28
20,24,31,30,12,33,35,29,35,19,28,38,0,23,15,19,29,32,23,10
34,40,36,20,18,23,30,28,29,18,11,28,16,0,11,31,40,21,11,35
28,32,39,31,32,13,31,23,16,10,30,23,27,31,0,14,19,26,10,23
37,24,22,23,20,38,21,17,13,29,19,32,33,32,24,0,22,16,34,14
17,29,36,31,19,28,10,30,28,19,12,40,10,28,16,13,0,12,27,29
29,39,16,33,40,14,26,28,20,35,26,12,28,10,28,33,32,0,19,38
10,11,37,27,28,23,22,27,27,10,32,31,11,20,13,29,28,27,0,17
29,24,32,12,29,17,35,23,35,28,24,15,11,31,11,36,26,15,18,0
