#Meta infos
20,20
#Processing times
20,8,71,7,22,10,82,18,35,17,91,12,26,11,26,1,16,13,11,20,72,3,28,4,43,19,16,2,99,15,77,5,32,16,40,6,11,9,80,14,49
20,3,86,5,66,9,18,19,33,14,66,16,71,7,45,13,82,10,27,11,37,1,66,2,24,18,48,20,27,15,49,17,68,6,29,12,22,4,52,8,18
20,15,69,13,76,19,12,9,74,18,20,16,77,3,62,5,63,2,53,6,22,7,53,20,91,10,46,17,20,11,70,4,23,12,90,1,76,14,91,8,33
20,1,33,11,69,12,92,16,78,2,97,19,17,15,13,20,41,5,35,4,57,8,11,10,32,18,85,13,14,14,33,7,46,3,45,17,29,6,33,9,29
20,14,68,1,31,11,87,7,74,16,20,6,70,13,51,8,97,15,34,3,42,2,96,4,18,18,27,17,60,20,83,9,20,19,93,10,80,5,88,12,92
20,17,29,1,61,5,70,15,14,18,42,11,72,7,12,3,81,16,17,4,14,13,92,2,77,19,62,6,38,20,86,8,86,14,88,10,72,9,99,12,42
20,20,78,9,51,12,55,5,33,4,67,1,47,7,55,14,12,6,55,17,41,10,89,13,45,19,87,8,10,15,65,2,80,11,16,16,61,18,60,3,68
20,15,66,2,39,7,42,12,70,16,35,18,56,3,36,19,88,10,99,11,22,1,74,14,81,20,37,9,32,4,81,6,91,8,35,5,24,17,17,13,18
20,9,73,5,37,6,78,13,18,16,18,19,53,3,60,15,100,12,100,8,10,17,27,1,51,14,30,10,80,7,55,2,28,4,83,20,42,11,53,18,25
20,4,29,6,53,12,19,8,91,17,30,11,84,16,74,7,83,2,49,3,16,18,37,5,92,1,100,10,82,14,62,20,56,13,86,15,27,9,100,19,65
20,19,88,2,34,10,37,17,42,5,77,3,34,12,34,15,53,9,19,11,96,8,40,14,98,1,89,4,92,18,12,13,60,7,66,16,32,20,96,6,40
20,3,22,2,51,19,83,5,74,6,85,1,95,17,23,4,42,11,63,8,23,7,16,20,76,18,55,13,18,12,15,15,60,9,20,14,79,16,24,10,100
20,7,68,12,96,10,96,1,93,20,88,4,29,3,19,14,24,15,80,13,76,17,58,18,68,5,90,16,75,19,23,11,44,8,45,2,28,9,77,6,37
20,18,92,9,44,7,91,16,71,5,72,4,27,6,95,3,43,13,72,1,76,17,17,19,55,2,66,8,53,12,80,10,34,11,100,14,51,15,19,20,13
20,13,48,18,39,8,97,16,73,7,49,20,85,6,45,15,14,11,86,3,65,2,49,17,62,19,26,12,20,9,55,14,53,1,42,10,20,5,29,4,79
20,7,71,16,10,1,55,18,22,6,87,4,65,10,29,15,30,8,27,14,53,2,36,20,63,12,56,9,35,3,58,11,71,5,57,17,15,13,80,19,16
20,18,43,14,77,13,97,7,95,12,40,19,56,11,86,2,38,5,19,8,76,9,80,1,69,16,62,17,51,10,15,15,46,20,77,4,96,6,46,3,27
20,6,80,2,78,18,96,13,82,10,45,7,91,20,31,1,16,5,56,8,76,12,36,14,100,15,96,4,71,16,76,17,40,11,94,9,19,19,59,3,37
20,16,65,7,16,8,95,18,95,3,39,1,13,20,23,10,76,13,97,19,17,4,52,5,73,17,54,11,78,2,58,12,12,6,60,15,98,14,70,9,37
20,17,98,2,89,8,88,4,20,11,70,5,47,14,65,7,86,13,29,1,24,3,69,6,79,9,17,16,75,12,22,10,93,15,71,19,72,18,82,20,22
#Setup times
0,40,24,37,28,29,10,16,39,20,30,32,30,34,23,26,23,25,23,19
40,0,20,24,36,22,23,30,15,35,38,40,14,25,26,31,40,12,15,34
28,20,0,27,39,35,31,19,27,25,34,27,37,29,35,25,31,11,37,36
14,26,35,0,15,10,14,14,33,25,33,30,40,12,31,38,31,27,18,34
30,23,25,20,0,33,30,40,37,19,24,25,31,37,10,24,24,40,18,38
14,21,11,36,39,0,39,20,36,16,32,12,35,10,36,34,40,40,40,10
19,18,28,25,19,19,0,25,35,19,17,22,20,21,40,32,24,19,20,20
37,12,20,33,15,30,27,0,40,13,16,28,34,10,16,34,29,23,24,32
11,36,13,18,15,33,39,21,0,12,21,31,38,11,28,30,29,40,16,32
31,16,40,18,12,23,14,31,24,0,17,10,15,24,34,38,29,20,12,37
11,10,30,28,15,15,18,26,25,22,0,23,11,21,26,40,31,21,25,32
27,25,29,10,37,13,33,20,33,30,37,0,27,20,26,13,35,39,29,33
18,31,21,28,20,34,28,12,29,33,14,16,0,19,28,29,30,36,30,12
12,18,21,30,40,20,15,33,18,14,26,40,10,0,18,16,23,26,35,34
23,22,39,38,15,32,24,26,23,31,27,17,36,26,0,28,19,31,26,40
30,16,37,36,18,32,30,23,35,20,25,36,19,39,26,0,21,36,32,27
26,25,13,34,27,25,11,38,38,31,14,14,22,24,20,33,0,34,32,10
35,17,11,10,11,16,20,16,13,40,32,25,22,32,31,26,13,0,10,36
32,36,14,35,39,37,17,12,17,22,12,34,39,32,36,19,39,14,0,11
27,34,34,18,30,23,29,29,35,32,34,32,26,30,23,31,22,10,36,0
