#Meta infos
20,20
#Processing times
20,3,72,7,27,11,84,4,49,10,94,20,75,6,91,1,100,9,69,8,27,13,67,15,82,16,48,17,97,5,31,18,70,19,77,12,76,14,58,2,72
20,11,57,18,65,16,65,7,67,13,22,1,78,6,12,9,75,10,38,19,63,3,24,20,98,5,29,4,87,2,11,14,63,17,85,15,46,8,82,12,61
20,1,40,15,74,16,61,10,67,9,89,18,88,3,86,17,69,7,21,5,46,8,48,12,48,20,36,19,91,14,72,6,87,11,70,13,60,2,51,4,38
20,16,100,14,48,18,51,4,26,12,82,8,83,19,66,13,87,6,41,2,89,1,56,20,44,3,51,9,46,15,99,7,26,17,29,11,66,10,22,5,65
20,9,24,12,34,17,79,7,98,5,39,16,98,10,59,18,38,8,87,15,50,19,15,1,34,20,26,4,80,11,72,14,64,13,56,2,73,3,96,6,18
20,10,16,16,10,4,66,1,39,15,98,11,77,12,42,9,82,8,98,5,42,17,64,3,86,18,41,7,94,2,58,20,86,13,87,19,16,14,26,6,85
20,6,46,15,84,13,91,14,24,9,46,17,43,4,59,1,89,8,35,12,94,10,44,2,64,20,89,3,22,16,65,11,95,18,33,5,13,19,98,7,70
20,2,97,5,92,20,86,16,21,3,50,13,62,10,30,12,80,1,65,15,56,7,84,8,21,4,79,14,76,19,38,6,71,17,66,9,17,18,63,11,42
20,6,16,19,70,1,79,16,46,3,76,17,71,20,38,18,56,13,40,4,18,11,89,14,56,15,13,8,32,7,60,9,67,10,82,2,84,12,94,5,94
20,7,70,14,47,6,34,8,22,12,70,19,49,13,36,10,16,17,12,18,46,4,67,16,11,20,15,1,10,11,52,15,39,2,49,5,80,9,21,3,51
20,8,58,6,83,11,83,5,55,1,91,13,44,2,92,9,82,7,32,19,83,20,12,18,13,16,11,14,35,4,33,10,98,3,43,12,96,17,36,15,28
20,1,16,15,76,13,67,4,35,8,100,18,45,20,92,12,27,11,100,7,59,3,69,17,39,16,30,14,14,19,57,6,33,9,78,5,30,10,77,2,63
20,3,85,16,94,20,35,5,54,1,89,12,27,9,38,17,98,8,29,18,94,11,92,14,85,6,44,2,35,13,58,7,93,15,80,19,23,4,38,10,20
20,8,33,7,80,4,59,3,84,9,69,1,94,17,89,10,43,20,44,2,73,6,37,16,83,18,90,12,75,13,68,11,39,19,21,15,98,14,21,5,47
20,1,88,11,61,8,91,5,71,2,22,16,67,12,27,18,85,4,95,15,54,7,93,14,19,10,14,3,85,13,89,20,90,17,56,19,37,9,21,6,52
20,9,20,2,93,15,69,1,31,13,48,6,20,11,23,14,87,3,70,16,99,4,20,5,45,10,36,12,50,7,54,19,81,20,73,18,68,8,81,17,96
20,13,35,15,10,12,43,9,73,4,84,6,61,14,96,17,42,10,78,19,96,1,93,16,57,18,28,2,29,7,17,5,20,3,46,20,86,8,80,11,59
20,18,55,10,36,14,58,12,53,9,56,3,83,11,59,7,53,1,98,19,34,6,91,13,100,2,30,8,48,4,48,17,13,15,86,5,21,16,41,20,98
20,6,56,4,90,18,29,14,89,9,72,2,34,13,52,17,74,8,12,5,48,19,59,20,93,7,39,3,28,12,89,1,37,15,34,16,20,11,18,10,50
20,7,51,19,68,5,15,2,57,17,89,6,93,13,32,3,50,1,51,4,18,11,69,9,15,14,44,18,99,10,29,20,48,8,32,15,64,12,68,16,27
#Setup times
0,29,26,40,12,25,10,13,26,17,38,10,18,30,36,38,10,24,34,18
10,0,30,29,19,23,26,20,19,26,31,36,38,17,19,32,26,27,24,10
14,20,0,15,34,40,23,22,16,39,38,16,34,38,17,32,12,38,12,13
39,21,33,0,15,12,34,15,10,38,37,38,38,15,22,28,36,32,34,25
19,25,16,30,0,29,27,29,15,33,33,25,12,22,37,18,25,34,28,19
24,12,28,19,25,0,16,21,11,20,27,31,14,20,35,20,29,14,21,16
15,29,10,33,38,24,0,27,18,31,38,18,13,23,30,38,22,16,27,25
11,11,37,24,24,27,15,0,39,12,32,40,28,25,39,34,31,23,19,36
17,29,25,25,29,26,19,37,0,14,30,30,12,22,19,10,25,37,10,22
38,40,29,22,33,32,38,33,31,0,10,40,14,12,36,16,23,13,39,18
24,24,18,25,40,11,39,30,39,20,0,19,30,25,31,38,12,24,27,40
10,13,23,34,39,37,27,33,13,16,40,0,33,10,10,33,22,32,12,36
33,20,30,28,22,35,23,32,11,22,22,36,0,18,34,33,31,23,19,13
31,39,12,33,19,20,40,21,28,10,32,16,40,0,38,39,30,12,17,33
36,34,25,10,40,10,22,13,27,11,10,30,25,22,0,20,21,35,34,16
28,27,14,27,32,12,34,11,30,15,31,24,10,11,28,0,38,13,33,18
31,40,15,36,14,23,28,12,11,38,16,15,28,23,38,13,0,14,35,17
40,38,40,29,14,19,33,39,10,28,20,31,18,30,17,40,35,0,19,35
12,33,20,40,28,30,32,34,13,29,34,34,20,40,15,13,29,23,0,40
25,39,18,21,32,10,10,34,36,33,38,40,34,16,13,30,35,38,29,0
