#Meta infos
15,10
#Processing times
10,10,77,5,79,6,12,7,59,9,71,2,69,8,74,4,40,3,58,1,26
10,4,76,3,46,2,18,6,21,10,10,1,60,7,70,8,11,5,37,9,14
9,8,30,3,27,1,77,10,41,7,80,2,59,5,50,4,59,6,79
7,4,57,6,46,5,10,7,22,8,71,10,60,2,73
10,2,20,7,61,1,44,9,21,4,57,3,43,6,29,8,55,5,17,10,59
10,1,30,7,45,4,22,3,10,6,74,10,18,9,74,5,50,2,11,8,80
8,10,23,8,43,6,36,9,11,1,77,5,37,7,22,2,56
10,4,26,5,64,9,13,10,19,8,51,6,56,1,80,2,46,7,25,3,17
6,10,32,6,21,1,67,5,29,8,73,9,29
9,5,74,6,27,9,38,1,19,4,21,7,43,3,19,2,41,8,32
10,6,43,10,13,1,70,9,46,3,75,5,46,8,44,2,32,7,50,4,61
6,6,44,5,21,3,43,1,50,8,31,7,59
7,3,18,4,10,10,25,5,26,9,64,6,23,7,77
9,6,75,1,54,8,57,4,58,9,35,7,56,5,16,3,34,2,71
9,2,16,7,64,1,68,8,35,9,16,5,60,4,50,10,64,6,69
#Setup times
38,53,48,66,14,55,25,21,12,12,31,10,47,19,13
48,46,64,35,22,56,79,42,22,10,56,31,22,26,40
57,45,34,72,40,20,42,48,64,22,55,11,52,43,47
48,46,78,36,62,58,75,50,30,45,19,25,65,44,57
67,71,63,68,11,42,28,37,46,44,61,75,47,47,73
20,35,72,18,75,25,27,79,15,20,38,30,55,53,62
44,76,33,32,57,11,12,60,45,22,76,24,66,21,70
35,78,18,62,18,63,20,77,36,21,44,24,75,14,72
60,39,76,64,14,43,76,69,41,61,49,63,66,56,53
28,36,36,59,31,53,59,25,48,39,34,74,20,15,31
59,30,39,44,70,44,36,12,42,55,42,80,68,55,13
56,13,66,49,67,45,27,55,55,77,50,17,29,68,22
66,77,67,76,12,16,27,58,32,70,67,24,61,36,67
55,59,48,21,10,60,70,37,17,25,54,21,80,22,19
56,43,25,48,28,42,31,33,42,22,58,74,19,57,38
