#Meta infos
10,5
#Processing times
5,4,75,3,33,1,15,2,54,5,47
5,3,40,2,35,4,35,5,84,1,14
5,4,65,2,37,1,45,3,34,5,80
5,2,32,5,72,4,43,3,47,1,29
5,1,43,3,22,2,97,4,61,5,16
5,5,24,4,98,2,49,3,74,1,54
5,2,65,4,68,3,19,5,41,1,91
5,1,37,5,78,3,74,4,95,2,46
5,1,33,3,39,4,76,5,60,2,29
5,3,31,4,55,1,26,2,22,5,76
#Setup times
0,20,11,14,38,20,19,29,14,39
28,0,17,35,33,25,36,26,14,24
30,23,0,23,31,27,10,25,13,37
16,24,17,0,16,12,36,25,36,30
36,36,34,27,0,37,29,28,35,38
29,18,40,14,23,0,33,11,36,20
11,34,33,35,22,25,0,12,35,35
32,36,17,12,21,18,35,0,39,16
19,35,11,13,33,18,20,24,0,18
19,31,28,29,18,27,10,17,36,0
