#Meta infos
10,5
#Processing times
5,5,75,1,65,2,12,4,94,3,98
5,4,81,1,61,2,96,3,80,5,59
5,4,27,5,89,1,13,3,36,2,35
5,2,48,5,34,4,69,3,70,1,97
5,5,72,4,23,3,50,1,82,2,23
5,1,17,4,77,2,56,5,100,3,82
5,4,70,5,85,2,38,1,72,3,38
5,3,42,4,22,5,87,1,66,2,95
5,4,25,5,41,3,64,1,68,2,51
5,1,19,4,31,2,20,3,54,5,89
#Setup times
0,32,11,10,21,22,18,32,25,40
20,0,40,16,37,12,24,37,14,13
32,22,0,13,26,13,39,20,23,35
25,33,19,0,21,20,12,24,19,15
27,31,18,28,0,16,34,25,13,35
39,35,36,25,28,0,23,31,29,36
16,27,25,10,27,25,0,10,33,14
32,28,38,39,13,22,33,0,16,28
14,27,26,22,13,18,31,14,0,23
22,40,20,14,12,27,29,32,40,0
