#Meta infos
10,5
#Processing times
5,4,63,3,92,5,38,2,40,1,14
5,5,46,3,46,4,38,2,54,1,35
5,2,89,4,48,5,34,1,86,3,11
5,4,52,1,73,3,18,2,13,5,19
5,5,74,2,98,3,48,4,63,1,51
5,1,74,2,37,5,32,4,51,3,84
5,2,90,4,84,3,71,5,93,1,50
5,5,50,1,64,2,14,3,19,4,68
5,2,23,3,35,5,62,4,51,1,86
5,1,100,2,85,5,41,3,54,4,21
#Setup times
0,22,28,36,18,37,11,26,30,33
39,0,25,11,30,17,10,35,19,24
35,39,0,22,17,26,37,25,19,36
29,32,15,0,15,23,37,35,11,22
17,23,32,17,0,14,14,28,32,31
35,25,16,40,16,0,33,36,38,32
33,39,18,15,21,38,0,32,16,34
35,26,10,39,11,16,20,0,14,35
35,38,24,38,27,12,15,31,0,19
18,13,25,26,11,13,23,32,17,0
