#Meta infos
15,10
#Processing times
10,5,83,2,99,9,47,3,70,6,19,8,84,1,26,7,60,4,24,10,28
10,8,60,1,92,10,52,5,66,2,79,6,45,9,72,4,26,7,60,3,42
10,6,30,3,100,7,85,10,36,9,23,2,40,5,87,4,98,1,28,8,58
10,5,90,10,49,9,59,7,90,8,10,4,19,2,87,6,29,1,76,3,17
10,10,37,5,32,7,17,2,92,3,67,6,70,4,74,8,44,9,17,1,98
10,5,55,6,98,2,90,1,11,10,39,4,61,8,96,3,79,9,40,7,64
10,4,68,5,51,1,49,9,87,6,72,10,83,3,58,2,18,7,22,8,15
10,3,26,4,16,10,71,7,68,9,57,1,66,2,40,5,85,8,20,6,81
10,9,75,5,64,2,16,3,69,6,92,4,34,8,100,7,86,1,75,10,62
10,10,75,5,21,1,73,7,72,3,25,6,84,8,86,4,71,2,87,9,67
10,6,27,8,17,7,69,2,57,1,67,4,10,5,50,9,73,3,36,10,99
10,7,20,1,50,10,91,6,86,3,38,9,48,8,63,2,33,4,28,5,58
10,9,97,5,76,3,54,2,63,10,15,8,64,4,65,7,27,6,61,1,57
10,9,13,1,100,3,86,6,98,4,31,8,90,2,54,5,63,7,30,10,16
10,3,68,6,50,8,73,9,54,7,62,5,71,10,34,1,61,2,90,4,10
#Setup times
0,32,29,18,19,39,28,21,40,28,32,40,30,30,20
24,0,11,28,28,18,27,31,36,33,12,37,39,27,34
31,25,0,15,17,31,25,36,24,34,32,16,30,15,35
10,37,25,0,15,31,15,21,24,23,40,40,33,20,31
34,38,34,19,0,39,33,11,22,10,31,21,20,13,23
38,36,34,21,24,0,18,24,18,33,18,20,39,26,26
27,20,24,24,34,39,0,29,25,24,12,13,31,24,32
30,16,28,22,30,14,12,0,28,28,36,32,13,25,33
17,28,36,40,16,14,36,19,0,35,10,23,25,13,18
12,31,32,30,13,14,40,23,14,0,38,12,26,28,25
16,12,18,33,35,23,40,37,31,36,0,40,20,36,23
22,40,38,21,12,35,32,10,21,14,29,0,38,24,38
14,36,37,23,11,17,19,26,10,10,24,32,0,20,30
18,20,10,18,36,39,17,14,37,16,20,38,11,0,35
30,21,26,33,20,15,18,31,30,10,12,12,30,27,0
