#Meta infos
15,10
#Processing times
10,4,84,2,72,1,52,3,81,6,61,7,92,9,28,5,83,10,87,8,28
10,5,46,9,80,7,80,4,24,6,77,1,67,10,56,2,67,3,16,8,34
10,1,63,10,61,4,89,2,86,9,63,7,18,6,76,5,83,3,12,8,55
10,4,44,2,14,6,75,8,28,10,63,9,64,5,17,7,77,1,82,3,11
10,1,53,8,83,3,41,2,78,9,24,5,93,4,31,7,94,6,44,10,19
10,8,46,6,13,5,70,4,100,2,96,9,43,10,92,7,85,3,51,1,74
10,2,58,8,63,1,94,10,38,3,79,4,86,5,72,7,19,6,35,9,78
10,10,61,4,94,3,95,1,80,7,61,6,27,5,98,9,31,2,53,8,62
10,8,23,5,71,10,36,1,25,7,38,3,15,4,25,6,59,2,35,9,79
10,2,96,6,90,10,72,5,75,7,95,8,27,1,28,3,57,4,67,9,46
10,1,91,10,62,5,61,7,53,2,35,6,56,3,57,8,21,9,15,4,10
10,8,55,2,31,6,50,5,34,10,72,7,47,3,25,1,50,9,64,4,53
10,1,69,7,13,2,73,10,44,8,63,6,55,4,72,3,90,9,22,5,71
10,7,14,3,10,8,71,6,47,9,68,5,66,4,51,1,57,10,14,2,20
10,10,75,5,63,9,15,3,11,1,38,2,47,7,24,8,44,4,75,6,40
#Setup times
0,40,31,25,22,32,29,13,16,25,16,26,38,21,12
16,0,18,27,21,16,31,20,13,31,17,14,18,34,15
14,18,0,35,31,15,27,11,22,21,15,21,29,26,24
16,21,32,0,25,28,26,30,17,11,36,23,29,40,13
20,29,24,15,0,11,35,21,23,28,23,28,36,10,28
21,14,14,35,23,0,32,32,20,14,38,13,34,36,12
23,33,24,17,36,32,0,18,29,13,30,38,22,32,35
26,20,12,24,11,24,36,0,36,20,27,29,18,34,10
11,37,27,30,10,33,12,29,0,40,35,19,35,35,34
15,11,14,25,38,26,21,28,14,0,12,23,12,21,32
15,39,20,25,25,21,26,36,32,33,0,31,28,17,40
15,22,38,40,36,36,35,27,16,22,22,0,20,15,30
38,23,16,39,28,27,28,39,28,27,26,18,0,35,28
16,26,10,33,23,28,36,39,29,15,27,32,30,0,27
12,27,19,29,15,21,27,10,23,33,20,19,17,26,0
