#Meta infos
15,10
#Processing times
10,8,84,6,40,3,54,7,95,4,10,1,14,10,93,5,75,2,54,9,74
10,6,47,7,28,8,21,1,76,5,30,3,14,9,94,4,42,10,84,2,57
10,5,34,10,60,3,83,8,29,1,20,4,25,2,97,7,76,6,23,9,27
10,1,40,7,88,5,56,2,88,9,62,10,22,8,73,6,64,4,20,3,53
10,6,24,3,81,4,90,1,16,8,39,9,14,10,18,5,47,2,12,7,43
10,1,79,7,24,5,60,9,81,6,97,10,52,8,18,4,15,2,12,3,79
10,8,71,1,42,7,53,10,40,9,63,4,61,2,34,3,65,6,41,5,55
10,6,52,8,69,1,61,3,59,5,36,7,45,10,82,4,31,9,96,2,45
10,3,70,1,21,7,64,2,48,10,56,5,43,9,32,4,91,6,88,8,50
10,3,69,10,15,9,72,2,95,4,84,6,71,8,44,7,50,5,38,1,99
10,10,78,3,66,4,21,2,78,1,37,9,98,5,87,8,60,7,96,6,75
10,6,27,4,41,9,29,1,91,2,44,7,46,3,24,5,31,10,28,8,96
10,6,37,8,46,5,19,3,88,2,41,7,87,4,76,10,22,1,94,9,33
10,10,24,1,82,7,73,3,59,8,67,5,81,9,68,4,100,2,52,6,22
10,6,14,2,25,5,59,1,53,8,54,10,53,7,72,4,36,3,41,9,74
#Setup times
0,28,31,28,37,30,28,10,33,22,24,32,26,17,23
27,0,36,27,33,14,32,30,18,17,18,18,39,36,37
38,16,0,31,23,39,28,30,35,30,20,37,28,14,19
21,14,37,0,15,40,33,19,14,23,16,30,11,35,20
30,25,20,13,0,13,37,10,22,35,36,32,13,39,32
14,33,19,12,39,0,26,21,20,34,20,40,34,26,20
36,11,23,29,21,26,0,10,30,39,40,19,32,20,21
38,38,20,24,16,28,33,0,26,30,40,28,37,23,16
23,13,23,40,23,12,33,34,0,11,18,32,22,30,28
17,34,21,23,34,30,26,33,12,0,29,14,21,18,20
13,38,36,37,20,36,16,36,34,33,0,26,31,21,35
27,28,21,31,17,21,36,35,14,25,33,0,40,25,26
33,17,38,15,19,17,33,32,37,20,29,24,0,28,29
14,14,12,11,14,22,30,19,11,28,17,29,24,0,24
35,31,32,28,11,11,31,15,21,14,26,22,25,11,0
