#Meta infos
15,10
#Processing times
10,9,64,7,17,3,53,2,15,10,36,8,21,6,13,1,46,5,66,4,21
9,9,76,6,45,2,61,10,60,7,65,8,39,1,19,4,50,5,54
6,9,78,7,25,4,13,6,42,3,33,8,31
7,4,34,3,63,7,27,8,50,5,61,6,35,9,27
10,2,10,3,35,6,52,10,14,1,75,8,40,5,16,7,56,4,52,9,50
9,4,36,8,62,1,13,5,30,6,47,7,49,3,27,9,14,10,15
8,8,28,1,78,3,71,6,32,9,32,2,80,4,52,5,19
10,9,65,1,43,6,77,3,78,7,42,5,33,10,17,8,47,2,11,4,19
6,6,31,8,67,2,74,1,20,9,60,10,29
9,8,69,10,13,5,47,3,49,1,73,9,22,7,64,6,28,2,72
8,3,32,5,57,9,59,6,46,8,41,1,32,2,71,7,21
6,4,42,10,41,1,17,6,18,5,58,3,57
8,2,28,1,50,7,63,3,20,8,50,4,61,10,64,5,69
6,2,11,3,57,7,12,10,72,6,11,5,76
6,9,26,2,15,6,25,10,48,8,20,1,64
#Setup times
39,22,53,12,69,30,72,77,39,40,55,30,53,22,61
74,37,77,23,74,14,51,77,26,57,50,62,37,63,66
66,28,80,75,48,51,31,29,56,36,64,41,18,24,58
45,46,59,12,70,19,74,75,32,65,75,10,76,79,78
80,46,70,22,62,33,42,53,57,59,67,11,54,70,23
56,52,65,17,69,24,44,66,62,41,64,75,10,18,11
47,49,62,61,65,36,30,30,69,34,62,57,49,13,21
66,50,75,32,54,62,37,60,70,41,30,73,75,59,68
22,31,59,69,61,51,54,54,46,72,29,38,22,48,30
66,72,71,55,12,19,67,69,19,64,41,63,69,54,55
70,72,61,53,77,14,28,19,17,59,41,12,79,74,14
61,16,58,64,64,71,56,35,39,38,61,52,73,14,60
11,61,77,30,20,31,30,56,16,48,13,29,46,39,30
10,44,54,29,63,71,33,63,22,78,78,61,75,48,24
18,18,66,60,15,14,39,80,63,48,78,40,77,13,29
