#Meta infos
15,10
#Processing times
8,2,52,3,11,4,56,6,25,10,59,8,61,7,35,5,57
8,8,65,5,40,3,24,1,23,9,26,10,69,7,75,4,69
8,2,40,9,70,7,29,1,57,6,10,3,48,8,47,5,52
6,9,32,4,43,3,43,1,18,2,54,7,27
6,8,30,10,44,1,57,5,22,4,25,3,60
7,3,28,1,36,9,60,2,75,4,72,8,58,6,40
10,9,24,4,13,8,70,2,48,10,60,6,57,5,67,1,36,7,45,3,63
7,7,51,1,46,4,24,3,53,5,14,6,69,9,75
10,2,68,5,79,8,36,7,52,6,46,4,77,10,12,3,46,1,52,9,58
7,9,39,10,70,7,57,8,59,2,42,3,33,6,74
9,10,40,2,22,1,80,5,21,3,51,9,17,6,10,7,20,4,42
7,4,80,6,62,5,11,9,68,1,65,8,41,2,22
7,6,22,1,59,10,46,4,62,7,50,3,59,8,31
8,3,63,9,67,10,69,1,67,5,42,8,62,7,10,2,17
8,4,53,5,61,10,11,1,68,6,40,7,62,8,58,9,36
#Setup times
54,77,40,15,32,59,44,71,74,65,61,20,76,70,53
62,19,66,78,10,20,60,45,19,54,52,63,27,13,37
58,20,38,66,10,12,64,51,14,23,55,21,52,52,47
52,70,14,31,56,35,26,11,37,39,70,16,11,24,69
72,39,15,33,43,34,51,70,77,26,31,20,44,73,45
11,58,62,45,41,71,33,58,22,75,22,50,58,52,20
67,24,61,19,21,35,47,33,45,61,21,46,23,47,62
66,21,46,67,47,76,64,73,43,71,34,25,11,33,25
56,61,27,70,23,40,49,74,31,11,24,43,76,79,74
54,43,29,69,25,66,44,38,78,68,32,25,18,40,68
49,35,71,39,47,68,36,37,61,43,44,27,69,22,34
77,58,48,44,16,30,56,41,43,24,39,36,18,46,38
54,44,27,29,55,43,22,40,16,45,76,51,26,29,59
43,66,63,57,67,37,70,56,28,26,68,75,33,65,43
24,13,28,25,55,51,67,67,68,16,69,39,79,66,38
