#Meta infos
30,20
#Processing times
20,13,61,19,49,9,61,14,45,16,43,1,63,18,24,8,37,4,60,10,91,7,21,6,76,5,14,12,99,17,99,11,44,15,42,20,21,3,15,2,18
20,15,98,17,36,4,66,11,22,19,91,8,23,10,41,18,19,13,66,7,24,16,28,12,11,14,22,6,59,5,63,2,47,20,34,3,82,9,27,1,16
20,10,35,6,13,18,88,8,85,5,21,2,96,17,37,1,83,3,75,19,17,9,100,16,44,20,16,15,100,12,46,14,98,13,57,11,87,4,32,7,58
20,16,81,2,23,20,63,3,59,1,61,12,37,9,67,4,50,11,54,19,77,18,23,7,98,17,62,13,70,8,30,10,66,15,16,5,50,6,41,14,43
20,10,77,17,18,16,19,4,24,13,27,18,69,8,59,7,38,9,55,5,17,11,39,20,52,6,59,14,53,2,91,19,10,15,33,1,26,3,84,12,64
20,16,52,15,85,13,90,1,69,19,68,5,24,18,91,4,55,8,58,11,83,14,31,10,89,12,94,2,34,9,67,6,21,3,82,17,68,20,66,7,92
20,10,50,6,33,17,38,14,58,8,73,5,23,7,33,15,89,3,17,1,32,18,71,9,62,2,53,13,28,20,35,16,12,4,87,12,52,19,73,11,61
20,1,65,3,78,4,82,2,36,11,24,14,48,20,58,18,58,19,52,17,34,9,63,13,26,8,84,5,80,16,85,7,42,15,60,10,91,12,40,6,56
20,3,77,11,98,17,37,10,37,13,100,2,85,18,12,19,29,15,80,8,32,16,78,5,72,1,76,12,81,14,31,9,13,7,82,20,16,6,28,4,36
20,1,93,4,86,18,29,6,63,8,33,14,48,16,44,11,19,20,86,15,74,10,98,7,43,12,98,3,71,5,99,13,74,17,37,9,76,2,51,19,49
20,1,76,20,68,19,10,12,12,5,67,3,20,7,63,17,29,10,15,9,79,6,97,2,41,16,41,18,71,4,93,11,31,15,30,8,60,14,14,13,69
20,10,95,9,62,8,52,15,45,14,52,20,45,16,13,19,50,18,34,4,50,3,41,5,43,2,41,11,36,12,57,17,80,1,49,13,77,7,52,6,45
20,5,65,2,62,7,24,9,51,3,87,12,93,6,73,19,78,11,25,13,46,4,87,20,23,14,21,15,69,1,69,10,23,8,33,18,63,17,57,16,27
20,14,65,9,30,16,10,7,55,12,71,10,66,2,71,20,87,3,46,17,55,19,29,15,25,8,99,6,86,13,62,4,80,18,90,1,88,5,61,11,88
20,6,44,14,50,13,61,7,69,11,19,1,32,15,70,19,89,9,11,16,62,2,74,8,42,17,93,18,59,5,93,4,41,20,45,12,50,3,84,10,50
20,5,30,11,78,1,67,20,17,14,29,7,55,10,78,2,31,3,82,13,45,4,39,19,47,8,45,17,84,6,68,18,61,9,18,16,28,12,34,15,95
20,15,43,11,89,17,47,13,12,3,40,5,37,19,45,16,80,12,16,9,46,7,74,14,26,6,25,2,39,18,98,4,20,8,39,1,43,10,66,20,48
20,16,76,18,56,20,79,11,14,17,82,7,52,12,23,5,18,2,58,13,67,3,40,1,95,8,43,19,37,10,84,6,17,15,32,14,34,9,18,4,90
20,17,74,11,42,10,16,6,80,9,94,3,27,4,49,8,31,14,91,12,84,20,38,15,42,7,63,13,81,19,62,18,27,1,22,16,15,2,100,5,60
20,20,10,1,51,6,54,15,31,11,30,17,72,7,75,2,49,14,11,19,59,3,74,8,99,9,55,10,13,12,100,5,17,13,100,18,42,4,71,16,37
20,18,41,5,41,11,94,2,56,1,93,3,10,8,16,4,32,20,34,6,73,14,21,9,83,13,67,16,100,17,46,19,63,10,93,7,99,12,96,15,11
20,2,55,11,61,10,94,9,91,12,90,6,79,1,27,3,62,8,18,4,31,16,20,7,23,19,47,5,66,18,50,20,43,15,31,14,97,13,31,17,77
20,20,37,5,23,4,94,10,49,12,19,1,48,11,75,18,59,2,67,13,71,3,23,15,52,19,43,8,47,7,55,14,82,16,66,6,69,17,52,9,96
20,4,22,15,96,2,70,13,70,3,34,19,42,17,45,12,65,6,12,5,77,14,97,8,48,18,67,20,39,1,50,10,94,9,78,11,41,16,86,7,77
20,16,66,4,54,3,43,5,60,2,27,20,96,9,48,14,53,8,100,19,77,15,31,12,32,17,15,1,50,6,99,11,26,7,34,18,17,10,41,13,81
20,2,67,10,51,7,88,18,97,14,65,1,89,17,81,8,20,3,23,12,55,13,100,6,52,16,84,20,81,15,62,19,64,5,35,4,78,11,92,9,73
20,18,63,2,47,10,100,12,85,16,78,19,70,8,44,14,63,5,83,4,36,13,32,1,21,11,46,17,85,9,43,6,47,3,11,20,35,15,21,7,19
20,18,96,5,28,9,65,8,19,20,62,4,18,7,83,3,86,17,52,11,20,1,60,15,71,16,43,14,45,10,22,19,99,2,75,6,57,12,13,13,80
20,6,84,11,30,2,92,18,75,13,53,8,59,16,58,10,24,12,80,4,25,15,23,3,15,19,66,7,22,20,19,1,90,5,93,9,63,17,32,14,50
20,9,85,2,50,15,25,4,13,1,13,7,64,6,68,13,72,5,25,14,97,12,59,16,78,20,25,17,37,19,76,11,74,8,76,18,89,3,51,10,47
#Setup times
0,10,25,34,36,20,15,40,18,21,15,40,15,31,40,12,26,22,25,28,17,10,27,14,18,38,26,33,30,30
22,0,39,22,19,15,18,30,31,27,31,31,22,17,21,25,11,13,27,31,36,28,39,40,24,29,22,35,35,20
40,36,0,15,35,29,25,12,37,34,15,13,21,35,37,34,32,33,32,34,11,10,12,19,33,23,40,34,12,28
15,20,33,0,35,24,28,22,14,22,16,16,14,13,25,33,38,12,36,30,13,19,22,29,40,29,39,16,11,32
34,21,26,35,0,18,38,27,14,28,11,23,30,30,23,34,12,29,28,14,16,13,39,26,37,18,15,39,10,27
29,20,38,22,19,0,25,19,26,12,32,23,39,13,27,40,34,37,22,25,18,28,15,27,24,26,16,17,16,23
33,18,40,27,30,25,0,39,30,37,14,22,23,11,38,37,25,30,20,20,34,15,12,37,10,24,21,23,28,34
18,24,19,30,18,36,35,0,23,31,38,29,11,15,38,29,14,26,13,32,23,16,12,14,27,35,12,20,35,35
18,17,20,27,26,31,37,37,0,31,14,28,29,17,22,23,24,18,25,18,26,20,19,17,15,24,21,38,37,14
24,27,31,24,40,29,39,19,21,0,25,37,14,24,38,37,23,17,24,10,10,19,34,21,29,11,38,13,34,12
18,13,14,20,14,39,21,26,34,23,0,39,40,13,22,17,28,29,15,27,22,18,16,24,17,34,36,36,14,14
34,39,16,29,11,17,32,34,21,38,11,0,40,31,30,10,30,23,14,11,22,24,32,23,29,23,32,15,13,40
30,17,33,23,17,23,25,40,23,10,12,26,0,16,11,16,38,18,16,12,24,11,39,30,11,39,16,24,37,18
23,29,32,10,19,21,16,32,25,28,17,28,20,0,23,29,11,26,28,14,22,19,25,29,18,18,21,25,30,39
21,24,27,26,26,22,12,31,12,31,19,37,40,22,0,13,27,33,30,31,25,35,32,25,31,10,36,31,18,22
36,23,16,21,14,38,17,32,36,16,29,16,11,25,34,0,21,22,13,16,20,10,10,16,29,39,34,23,26,40
14,13,38,32,36,17,39,27,15,30,10,32,37,40,19,13,0,12,19,40,27,22,40,17,14,24,23,14,14,33
40,36,10,17,33,16,40,20,30,37,10,16,29,33,30,22,40,0,34,32,24,20,15,21,38,18,31,35,22,39
30,31,14,19,27,20,32,24,22,24,25,28,31,25,23,21,13,19,0,18,18,30,11,20,19,39,33,30,34,35
20,22,16,15,37,39,34,32,11,13,34,31,23,29,31,32,20,29,40,0,28,20,21,35,29,37,36,38,21,20
40,40,37,26,37,38,39,19,20,24,40,12,34,13,27,14,35,23,19,12,0,22,11,28,20,12,32,19,15,35
29,19,38,29,38,36,23,22,34,19,10,37,12,28,13,16,36,15,26,10,19,0,22,20,31,32,40,34,34,28
23,27,37,12,33,37,20,17,28,33,21,36,39,33,35,22,32,25,16,37,27,37,0,17,32,13,32,23,21,30
27,33,29,28,28,28,10,38,30,22,11,18,26,38,37,22,30,16,27,14,11,35,26,0,25,19,13,17,34,34
30,29,15,38,35,28,37,22,37,15,16,34,31,23,12,40,31,39,13,30,32,28,28,23,0,39,40,17,20,20
38,16,32,26,40,24,40,16,33,26,33,29,19,39,11,17,29,40,28,10,29,29,38,35,23,0,35,13,35,19
36,37,29,16,39,18,20,25,25,12,27,22,13,11,27,22,37,12,12,36,32,34,17,18,23,36,0,39,39,18
21,37,15,35,22,29,27,14,28,10,22,17,30,14,39,36,21,15,37,25,17,16,26,34,30,34,25,0,33,36
26,23,27,30,31,32,32,39,27,30,29,39,34,32,12,23,36,16,24,21,18,15,38,22,14,29,16,38,0,39
34,27,11,29,37,30,39,25,16,21,26,29,19,35,12,17,34,12,26,26,13,20,37,16,38,16,26,31,27,0
