#Meta infos
30,20
#Processing times
20,16,62,3,81,2,15,10,16,8,34,9,31,5,38,4,90,7,90,20,46,12,99,14,12,13,74,19,18,17,50,18,50,15,64,11,90,1,39,6,88
20,6,12,1,87,17,63,16,15,13,50,4,99,18,51,12,51,9,24,2,46,3,69,10,49,11,18,14,58,20,77,7,49,5,20,8,80,15,61,19,52
20,9,22,18,62,19,70,20,100,14,84,5,94,11,18,12,49,1,69,8,53,4,33,13,98,15,77,2,78,6,12,3,90,17,33,7,23,10,95,16,73
20,11,84,6,51,14,67,12,12,20,52,7,14,10,43,17,44,3,36,16,80,15,11,1,61,5,52,9,24,2,45,19,81,4,58,18,87,13,26,8,98
20,3,72,1,28,14,30,13,94,16,28,11,77,15,82,7,44,5,69,6,42,19,34,2,45,17,95,4,75,8,59,9,88,18,28,10,96,12,35,20,96
20,18,12,20,42,1,42,19,36,17,92,2,21,16,38,10,96,13,28,11,59,5,75,3,79,14,32,7,39,4,36,6,19,12,42,15,66,9,65,8,39
20,11,28,1,40,17,40,4,83,10,99,8,100,9,43,20,84,3,13,7,99,13,28,18,98,15,40,19,79,16,34,5,94,2,10,12,89,6,58,14,67
20,15,12,18,53,8,68,11,34,3,15,1,31,13,96,9,33,2,95,16,99,17,94,19,62,20,29,10,68,12,48,7,91,4,45,5,71,14,33,6,37
20,7,50,17,67,6,38,5,84,18,92,4,11,9,36,20,79,8,99,19,54,2,47,13,70,14,79,11,68,12,48,10,77,1,41,15,51,16,57,3,42
20,1,34,8,68,10,72,4,38,12,23,17,87,6,73,9,19,18,46,2,37,14,22,13,53,16,63,5,37,3,70,20,59,7,90,15,16,19,47,11,98
20,17,23,1,68,6,20,8,52,7,17,19,48,4,40,14,26,10,91,5,24,9,88,16,76,15,44,3,29,2,12,13,89,12,89,18,71,20,17,11,15
20,9,94,15,99,1,97,2,54,8,61,4,23,17,92,12,60,18,89,16,30,5,19,20,21,13,96,10,23,11,93,3,74,6,96,7,42,14,65,19,25
20,8,80,2,55,6,61,13,61,19,34,9,50,5,39,17,63,1,52,20,83,18,46,7,56,12,83,11,57,16,82,15,44,4,30,14,31,3,84,10,64
20,2,33,12,84,17,97,13,97,16,25,19,86,11,90,6,12,5,15,20,10,18,68,15,18,1,42,3,60,10,25,4,60,9,54,8,100,14,68,7,46
20,10,37,9,42,1,96,7,98,2,30,4,30,8,52,19,48,11,39,17,67,12,26,14,95,13,56,20,73,18,49,16,76,6,49,15,48,5,96,3,61
20,1,57,3,91,11,33,10,44,14,93,16,29,15,99,8,56,4,67,17,56,12,45,2,10,20,58,6,39,13,17,9,73,5,66,19,22,7,35,18,26
20,16,53,6,70,5,67,13,54,4,42,8,71,7,20,20,18,9,28,19,15,1,60,15,80,10,68,3,28,18,49,14,34,2,16,11,13,17,92,12,52
20,6,78,1,22,7,36,10,71,2,41,19,26,9,15,5,90,8,91,15,14,3,41,17,57,12,44,11,97,20,20,16,78,14,81,18,77,13,90,4,54
20,13,44,8,65,19,34,12,100,6,11,9,52,2,83,11,27,5,89,14,49,3,62,7,48,15,55,1,40,10,25,20,10,4,88,17,53,16,72,18,46
20,20,35,6,77,10,89,5,16,15,51,12,44,4,31,14,31,1,93,3,94,11,73,18,69,7,61,9,85,13,32,2,27,8,73,16,54,17,29,19,87
20,7,94,9,41,14,76,19,18,10,66,17,97,12,54,18,48,11,88,15,81,8,97,16,61,3,80,13,13,6,26,4,70,5,90,2,41,1,75,20,70
20,16,47,20,16,15,100,9,41,4,53,5,63,19,39,14,86,6,80,12,68,18,26,13,31,8,45,7,41,17,35,11,81,10,59,2,30,1,78,3,40
20,18,33,7,33,3,71,12,52,14,30,17,55,11,100,20,92,6,86,5,75,4,73,8,15,13,56,10,55,9,48,19,38,1,33,2,52,16,53,15,25
20,9,41,10,42,6,82,3,46,13,18,18,42,7,58,17,84,8,18,12,90,2,14,16,14,15,90,19,37,14,19,4,93,20,92,1,88,11,94,5,84
20,4,52,15,66,8,100,6,63,13,59,20,97,5,85,2,32,10,35,16,42,9,96,3,52,17,39,18,14,19,43,1,100,14,68,12,85,11,25,7,53
20,3,20,16,63,17,40,18,51,9,62,2,58,11,66,8,24,10,52,1,46,20,81,5,18,7,71,15,43,12,56,14,57,13,39,4,88,19,68,6,27
20,1,23,15,66,10,80,20,31,18,87,5,41,3,64,11,19,9,89,16,78,6,68,19,10,7,75,4,65,17,24,13,87,2,98,14,48,12,85,8,59
20,10,88,7,64,18,70,6,27,14,40,8,16,3,30,13,59,20,12,16,47,9,78,11,52,5,45,15,18,17,13,4,49,2,59,1,37,19,41,12,82
20,20,78,15,71,7,13,8,76,11,69,18,38,16,56,2,52,12,12,1,24,4,19,5,34,13,94,9,71,17,99,19,45,10,48,3,13,14,67,6,75
20,10,18,19,85,9,40,14,16,20,14,17,91,6,54,8,61,13,93,12,79,18,65,15,45,4,92,5,45,11,42,16,29,3,49,1,88,7,91,2,57
#Setup times
0,37,27,16,25,11,18,32,14,15,38,32,11,18,12,15,22,21,27,24,21,10,40,28,24,16,26,11,31,35
10,0,24,27,26,19,40,40,27,13,20,29,21,32,32,33,23,11,38,16,33,18,39,18,14,37,36,25,29,38
26,30,0,20,10,28,25,37,10,14,11,37,28,39,35,19,21,18,10,31,13,11,14,39,25,21,34,14,33,27
21,39,22,0,17,28,14,18,20,23,14,36,22,35,17,34,24,28,24,28,16,21,19,22,40,11,14,32,27,32
40,19,22,19,0,28,17,38,11,14,19,27,33,17,16,26,26,15,37,10,38,15,34,14,32,16,10,26,13,11
12,27,37,26,17,0,11,30,14,25,38,10,23,24,31,26,37,29,17,38,20,30,16,15,11,37,17,11,24,26
16,22,33,37,33,17,0,18,27,32,40,24,16,20,22,19,29,33,32,18,25,29,32,10,20,30,15,13,23,13
34,17,22,14,25,31,20,0,23,40,16,38,24,28,17,32,35,38,27,30,39,14,34,26,36,12,26,16,32,33
28,19,37,30,33,36,31,35,0,27,31,12,33,40,18,26,20,17,33,31,28,17,28,11,14,16,12,25,31,10
33,18,23,30,38,39,39,36,29,0,31,33,36,15,18,39,32,22,23,32,16,21,12,14,20,32,10,35,39,26
22,25,39,37,31,20,13,33,13,30,0,26,35,10,26,31,39,39,22,22,15,36,27,39,39,36,11,23,38,35
35,40,25,19,22,14,24,30,26,12,19,0,19,21,23,35,18,12,32,31,27,27,35,21,32,11,15,28,10,15
11,24,18,10,17,26,36,28,25,25,13,20,0,38,40,30,24,27,19,38,31,20,40,36,25,34,37,40,37,12
30,22,14,32,18,16,32,21,18,18,10,33,15,0,21,34,39,25,30,34,35,23,31,39,17,16,25,18,34,20
39,24,35,32,35,19,16,16,22,17,40,16,37,24,0,32,19,20,29,19,35,30,13,21,36,23,28,29,29,29
17,12,30,24,28,14,30,23,31,11,27,11,29,20,12,0,36,21,18,40,37,25,26,33,15,31,22,15,23,36
28,15,33,25,18,21,25,18,23,13,29,14,19,10,16,33,0,24,26,20,25,21,11,12,11,19,20,10,28,26
19,34,32,13,21,32,19,33,12,18,40,31,24,20,33,18,36,0,14,35,30,27,17,19,22,10,28,21,15,27
39,32,12,23,11,23,32,26,22,16,30,16,37,18,10,31,32,19,0,16,10,19,11,34,29,17,16,21,15,12
17,27,35,31,14,40,21,24,31,40,32,17,40,39,15,32,11,37,37,0,35,12,13,32,11,30,17,31,22,12
12,30,36,23,11,21,20,23,38,20,19,16,13,32,13,20,32,39,13,38,0,16,29,25,38,39,33,21,18,21
25,32,30,39,39,12,24,34,30,36,39,39,39,11,30,24,26,22,21,33,30,0,28,11,32,14,19,32,13,34
23,33,24,14,39,27,12,16,30,39,17,31,24,39,36,12,20,20,10,11,36,33,0,18,39,39,22,30,23,18
26,15,24,23,30,35,37,16,20,11,39,31,34,30,29,29,22,31,26,13,40,34,28,0,31,33,21,21,31,20
27,35,18,27,17,29,11,14,31,11,37,11,19,10,40,31,25,25,36,35,39,38,37,29,0,14,15,13,39,23
33,37,10,38,29,38,32,13,36,40,15,17,36,35,26,20,25,21,40,22,38,40,32,20,35,0,21,37,39,29
10,37,34,16,33,23,11,21,15,33,13,40,33,25,27,21,31,10,27,37,32,38,30,16,19,26,0,37,34,30
16,15,12,39,20,27,38,37,15,31,14,14,20,29,27,40,33,18,26,39,10,19,27,16,16,29,15,0,20,17
22,14,22,11,26,12,16,12,37,34,26,12,14,11,26,32,31,28,30,23,24,14,32,21,31,37,15,15,0,10
31,11,20,35,10,14,32,16,23,27,16,24,23,19,28,31,25,23,34,27,19,16,10,22,38,39,37,10,19,0
