#Meta infos
30,20
#Processing times
20,2,62,11,22,20,12,9,56,19,85,12,72,6,63,17,60,18,86,16,92,4,61,14,64,5,79,13,58,7,96,10,66,8,26,1,61,15,62,3,65
20,20,41,16,88,13,16,3,36,18,94,6,92,12,84,4,58,8,50,17,21,19,20,5,67,1,37,11,88,7,24,10,91,15,55,14,93,9,32,2,10
20,7,14,1,10,15,58,16,16,3,69,2,82,12,85,20,42,13,11,9,29,18,37,11,49,19,87,17,98,4,11,14,26,6,17,5,92,10,44,8,68
20,19,17,18,72,7,17,2,10,9,68,14,40,11,81,6,88,3,67,4,49,1,58,16,86,12,86,17,82,15,70,13,64,5,74,20,50,10,73,8,62
20,7,26,2,25,15,39,19,70,12,10,3,87,5,74,8,12,16,70,11,34,6,23,9,29,17,95,13,56,1,70,14,44,10,66,4,12,18,27,20,43
20,20,26,19,93,14,46,4,65,1,89,8,16,13,98,9,95,11,38,10,85,2,12,16,70,6,53,18,73,15,64,12,20,7,43,17,85,3,47,5,87
20,18,23,20,99,4,57,15,93,8,30,5,14,1,40,3,61,16,70,9,46,17,73,13,25,10,93,19,14,6,35,14,79,12,84,7,46,11,20,2,65
20,14,72,19,91,17,24,11,29,6,54,4,62,9,10,5,41,13,38,8,65,16,84,15,32,10,78,12,77,3,91,1,19,7,68,2,78,18,41,20,13
20,7,17,4,35,16,38,18,56,14,34,1,84,15,59,11,32,2,68,13,47,19,21,20,28,12,96,5,24,6,43,10,38,17,42,3,100,8,17,9,65
20,3,84,2,74,4,58,18,16,13,21,1,31,16,57,12,49,10,29,8,44,19,29,15,44,14,20,5,18,11,80,7,77,17,90,9,91,20,36,6,21
20,2,16,16,20,19,65,6,38,20,94,8,39,13,35,15,88,12,41,4,90,7,24,5,16,11,31,18,86,14,81,9,15,17,21,1,98,3,77,10,82
20,2,46,1,21,12,21,18,57,5,46,10,36,6,23,11,74,3,53,14,85,17,57,19,59,20,30,16,27,15,50,7,64,13,37,4,54,9,13,8,62
20,12,62,17,58,3,30,11,64,14,88,16,89,6,20,20,80,10,12,15,28,8,11,4,93,2,75,1,43,13,47,9,86,19,86,18,90,7,69,5,82
20,16,92,14,48,1,37,17,83,13,28,8,18,4,96,7,50,18,43,5,13,15,85,11,81,10,55,9,38,3,38,2,91,12,78,20,90,6,66,19,12
20,15,34,2,20,7,11,3,63,4,57,10,49,19,33,13,13,8,29,14,77,6,72,5,47,17,68,18,98,16,15,20,40,9,36,12,85,11,13,1,88
20,14,18,6,99,4,56,8,35,5,41,18,20,10,67,2,90,12,24,9,47,7,61,1,65,17,42,11,24,13,59,15,26,20,50,16,97,19,35,3,36
20,14,62,5,46,3,30,9,22,7,90,8,12,18,64,2,51,10,97,20,86,6,10,12,92,11,11,16,49,17,11,13,60,1,85,19,23,15,95,4,20
20,4,65,5,64,8,38,14,46,19,67,18,34,3,79,17,91,11,50,13,19,20,22,6,58,15,56,1,28,2,11,12,52,9,53,16,75,10,71,7,30
20,19,54,11,45,7,10,2,14,13,69,12,31,17,54,6,28,16,29,3,18,15,54,8,82,1,70,10,35,4,85,14,76,18,23,20,40,9,87,5,86
20,13,82,12,99,6,35,10,69,18,32,5,35,16,64,14,67,17,17,3,10,9,74,4,79,19,71,1,61,15,24,2,72,20,22,11,62,7,43,8,46
20,14,46,20,83,2,52,15,49,1,87,12,38,3,60,11,85,16,58,19,66,18,71,9,62,6,81,7,12,10,50,5,37,8,91,13,91,4,57,17,93
20,10,19,4,61,1,56,8,88,7,71,14,14,9,83,18,11,15,72,3,43,20,24,19,59,12,88,11,98,6,40,16,56,5,37,17,34,2,20,13,88
20,8,29,5,17,14,66,20,94,15,87,3,95,4,19,19,63,7,25,13,31,2,74,18,27,9,82,6,83,12,99,17,10,10,62,11,33,16,22,1,31
20,1,65,7,85,4,90,3,67,19,11,20,60,10,72,14,65,5,46,11,13,13,41,8,86,17,34,16,55,2,42,15,32,6,21,12,72,9,91,18,82
20,6,26,1,32,18,51,10,86,15,79,4,96,12,73,3,69,5,56,19,36,2,26,8,76,20,80,7,74,17,74,16,45,14,87,11,74,13,18,9,57
20,8,84,15,72,11,68,4,66,7,33,5,13,2,89,9,10,10,73,13,67,19,81,6,11,14,15,12,20,3,28,20,29,1,32,18,12,17,27,16,67
20,16,18,19,29,2,62,8,61,1,84,18,76,20,27,13,95,10,75,9,46,17,68,15,62,12,59,5,71,7,12,3,31,6,75,11,32,14,76,4,58
20,5,48,4,82,13,68,20,55,17,47,18,77,19,60,2,68,6,68,10,99,1,72,15,58,7,75,16,100,8,77,9,48,14,46,3,87,12,74,11,39
20,12,74,13,100,7,21,18,33,10,76,19,87,14,39,11,98,16,65,9,85,1,21,6,83,5,42,3,30,4,72,2,72,15,57,8,60,20,86,17,79
20,2,40,10,43,18,48,11,15,20,92,13,95,19,77,8,52,4,10,1,12,3,81,9,56,17,88,15,98,6,11,12,44,7,45,5,58,14,47,16,36
#Setup times
0,18,27,12,39,13,17,34,25,16,31,24,23,24,33,34,33,21,17,26,20,31,35,14,22,13,36,38,40,13
15,0,31,36,33,17,23,27,18,39,35,30,31,39,29,10,18,21,24,11,14,21,29,35,38,25,10,19,20,10
31,32,0,20,39,39,26,30,29,10,33,10,26,18,16,14,15,33,17,11,11,21,35,13,28,33,25,32,27,27
40,21,26,0,22,27,19,40,39,13,24,19,39,17,10,33,18,22,26,40,36,11,20,34,20,37,33,25,31,22
27,40,34,14,0,24,35,23,22,19,27,26,10,13,18,29,21,40,35,12,21,24,25,17,13,17,11,10,34,15
30,34,37,24,17,0,16,27,39,29,26,33,38,31,18,10,36,21,19,33,40,39,37,19,14,13,28,33,31,36
12,32,24,13,32,11,0,25,28,34,21,25,38,28,27,25,19,22,19,28,28,35,37,18,18,17,17,15,36,40
28,19,11,39,23,21,34,0,34,17,23,36,30,33,35,21,18,34,23,12,23,24,16,31,22,39,12,27,23,34
26,18,10,39,19,14,24,15,0,27,26,38,31,21,31,25,32,27,40,27,16,19,36,23,35,20,35,20,33,21
10,10,36,17,38,26,30,19,26,0,39,24,40,28,15,29,19,11,34,36,26,19,39,35,13,35,28,28,16,11
10,21,20,10,36,15,26,40,10,28,0,10,27,11,35,26,26,34,20,35,19,19,24,34,32,37,39,17,10,18
23,30,22,12,19,25,28,40,25,11,37,0,25,24,35,15,11,16,37,14,15,36,23,22,20,16,11,23,22,25
28,31,23,35,28,25,22,23,14,31,21,13,0,10,40,26,39,24,17,20,18,17,39,34,19,26,30,23,16,13
17,23,18,16,29,38,36,14,31,21,12,11,27,0,12,22,30,15,29,37,21,22,29,14,38,27,24,20,33,37
33,14,32,19,21,31,13,11,38,11,33,13,26,24,0,15,11,14,19,32,31,10,20,13,23,29,31,30,25,37
33,25,36,33,32,34,35,25,13,23,28,33,34,31,29,0,30,21,37,22,31,40,20,26,40,14,26,40,14,18
33,24,24,16,34,40,29,21,21,38,34,40,16,30,27,37,0,30,24,27,16,32,20,14,22,20,22,12,34,18
25,25,35,35,25,26,38,28,40,35,40,16,24,34,31,30,16,0,11,24,18,16,27,30,39,33,29,27,28,10
14,32,23,34,37,33,11,26,12,18,29,40,25,30,34,38,16,30,0,16,33,12,32,29,15,25,32,35,32,30
28,36,19,26,33,40,37,27,24,32,23,22,13,26,10,33,26,24,38,0,23,37,15,11,27,12,14,23,22,36
21,23,17,24,29,28,26,31,22,31,15,25,30,38,38,18,11,13,25,20,0,17,23,37,32,30,32,30,39,36
37,28,32,15,30,30,14,40,31,20,40,38,39,37,33,11,40,10,34,15,16,0,15,35,22,19,15,23,40,11
34,21,28,14,26,11,15,37,19,37,28,24,18,27,35,15,33,32,32,29,13,34,0,28,16,10,35,37,22,21
15,33,37,35,40,22,19,23,33,34,31,37,30,11,21,27,14,27,16,35,19,13,28,0,29,38,37,29,11,36
27,12,27,19,33,29,39,26,23,11,10,28,23,34,22,15,37,29,37,13,36,35,14,16,0,32,23,25,23,22
23,21,28,15,23,33,14,13,25,15,32,32,20,15,19,28,15,16,15,18,25,17,35,36,11,0,15,30,39,16
10,16,12,26,36,11,35,34,30,25,38,34,27,20,16,21,22,12,33,37,22,16,25,18,40,30,0,39,16,36
17,32,34,27,30,17,13,20,20,14,37,36,34,13,19,39,18,27,19,23,13,39,26,11,21,20,38,0,23,34
24,28,23,17,28,10,11,31,34,12,36,10,12,29,22,30,11,13,18,33,13,35,34,11,34,25,16,14,0,20
12,37,37,34,31,40,34,20,32,24,19,36,21,13,33,17,39,30,30,15,37,16,29,30,38,32,12,28,31,0
