#Meta infos
15,10
#Processing times
5,7,88,2,45,10,32,8,44,6,91
8,1,14,7,77,9,76,5,16,10,57,2,26,8,26,6,16
8,5,51,2,32,3,58,7,83,6,24,1,59,8,44,4,86
10,5,84,6,17,3,96,4,45,7,50,10,31,1,66,8,86,2,40,9,71
6,7,12,2,50,3,92,10,65,1,19,4,67
9,4,64,6,78,2,24,10,36,8,11,7,44,5,89,1,39,3,97
7,6,57,3,47,8,58,2,62,9,90,4,44,5,96
5,1,90,4,69,7,87,6,72,9,42
9,9,32,1,95,10,24,2,95,8,88,5,55,7,20,4,62,3,50
9,4,65,7,95,1,38,2,20,5,25,6,70,9,14,3,37,8,99
9,10,86,7,30,2,14,6,37,5,55,4,61,3,13,9,63,8,71
10,4,73,6,92,5,58,3,58,10,93,2,50,1,23,8,40,7,42,9,34
8,1,13,2,87,4,41,6,36,5,29,3,14,7,10,9,43
6,9,26,2,68,6,99,3,64,7,34,1,81
7,6,58,9,22,1,33,7,15,5,70,4,30,8,77
#Setup times
0,39,16,23,31,37,30,37,14,23,17,22,29,26,22
28,0,13,40,36,37,15,21,34,36,38,17,32,15,31
38,11,0,14,29,37,19,39,24,22,15,38,15,10,39
29,22,36,0,20,27,20,39,35,37,10,30,16,29,33
16,40,10,36,0,38,38,25,33,35,21,16,34,32,23
34,31,30,26,28,0,17,24,17,22,21,36,11,11,20
12,28,20,40,19,38,0,32,38,35,11,30,32,14,24
28,29,12,29,12,29,36,0,34,37,31,18,29,19,19
37,26,23,16,27,39,12,20,0,34,40,25,33,11,22
24,37,38,34,30,26,36,14,19,0,14,32,11,24,31
40,14,19,16,15,29,28,13,33,18,0,33,37,25,33
20,31,10,21,25,12,22,22,14,23,40,0,33,15,35
20,29,12,24,34,10,18,32,27,35,16,29,0,30,30
20,33,35,40,25,40,11,37,16,32,30,19,31,0,24
24,22,12,16,35,26,40,36,26,10,19,19,35,15,0
