#Meta infos
15,10
#Processing times
10,4,87,7,12,6,25,9,73,3,45,1,84,10,64,8,60,2,78,5,11
5,10,39,3,90,9,47,5,95,4,27
10,5,89,1,61,2,100,3,35,6,29,4,81,10,34,8,20,9,11,7,48
10,3,66,7,20,4,35,10,92,1,17,6,30,5,64,8,54,2,93,9,50
7,7,17,10,27,5,29,9,43,1,24,2,49,8,53
9,4,63,2,74,10,67,5,99,6,76,9,82,8,63,1,25,7,66
10,7,81,1,35,4,20,10,11,3,96,9,96,2,15,6,60,5,79,8,21
6,5,67,9,83,2,11,10,29,4,30,3,75
7,9,17,6,21,2,35,5,85,8,62,3,26,1,60
7,6,21,9,29,10,44,5,84,4,83,2,36,8,23
10,5,14,7,93,4,85,8,70,10,65,3,69,9,52,1,98,2,14,6,56
9,7,30,3,95,10,57,4,66,9,26,5,92,6,62,8,84,1,88
9,6,17,8,52,1,91,7,59,5,44,3,48,9,80,4,47,10,21
9,1,81,4,69,9,42,2,24,6,66,8,61,10,79,7,84,5,51
5,8,95,3,48,10,87,2,41,9,69
#Setup times
0,12,13,13,11,16,30,15,20,30,25,30,33,39,17
27,0,19,10,32,10,10,21,22,22,31,36,33,36,31
32,22,0,29,23,30,15,16,14,28,27,17,18,11,24
19,14,24,0,22,16,36,10,13,37,32,40,38,14,13
22,22,24,10,0,33,32,25,33,10,18,37,40,38,16
27,33,16,37,11,0,40,27,15,19,17,14,17,13,27
32,38,21,34,29,20,0,20,34,18,17,24,31,16,35
19,38,18,27,26,13,17,0,38,32,27,22,35,19,36
34,11,38,16,20,10,16,36,0,25,30,14,35,25,14
18,34,18,10,10,12,19,36,23,0,24,30,17,36,38
11,18,34,13,32,15,21,14,29,21,0,16,23,37,21
13,13,27,11,18,26,19,30,19,40,37,0,30,16,17
32,18,11,30,26,38,35,28,34,26,10,37,0,20,33
26,39,31,14,14,28,26,30,11,20,31,29,15,0,36
20,12,38,22,13,30,29,21,34,38,36,40,39,31,0
