#Meta infos
15,10
#Processing times
9,3,88,9,76,4,30,2,84,10,88,5,55,6,12,7,83,8,49
9,6,12,4,79,3,78,8,74,5,90,9,79,2,20,10,45,7,49
9,10,82,7,75,6,24,3,85,5,61,1,25,2,88,4,43,9,100
8,9,20,7,22,8,14,10,75,6,30,2,69,1,32,5,12
5,9,61,8,48,4,40,7,48,1,18
8,5,28,6,50,8,32,3,60,1,61,10,85,7,33,2,41
10,2,90,4,37,3,57,7,87,10,15,5,18,6,67,1,78,9,92,8,20
6,7,71,4,90,10,48,3,25,1,92,5,52
5,9,36,8,33,10,89,7,18,2,88
5,3,98,9,29,10,50,5,13,4,35
5,9,62,1,27,2,11,10,30,3,25
6,2,55,6,63,10,21,7,21,8,40,1,53
7,1,83,5,85,3,26,2,59,8,85,7,40,10,98
6,10,40,2,60,8,45,4,23,7,70,6,48
8,10,64,4,66,3,81,2,97,6,46,8,55,5,11,7,94
#Setup times
0,20,15,20,14,10,29,40,27,26,10,14,10,29,11
17,0,26,40,24,39,12,11,29,22,35,13,11,12,12
17,15,0,18,38,13,18,22,11,15,39,21,17,20,15
26,29,33,0,30,13,16,19,37,25,28,23,34,33,26
39,12,14,38,0,38,36,34,33,28,10,13,25,33,21
10,12,25,18,12,0,25,35,17,31,40,39,12,22,12
30,22,21,28,32,11,0,38,37,40,35,18,20,25,38
15,10,33,29,36,23,40,0,15,24,19,19,40,30,15
25,22,30,36,14,31,24,15,0,30,26,10,13,16,30
23,16,31,36,33,21,30,12,21,0,26,10,34,29,12
10,15,34,37,21,13,36,14,31,21,0,38,32,18,40
39,26,28,27,12,27,22,14,15,20,30,0,12,35,39
22,36,21,15,12,18,13,11,20,11,15,20,0,37,31
23,13,34,32,31,15,16,24,37,17,40,24,35,0,29
32,20,31,18,39,38,35,31,28,30,13,16,27,30,0
