#Meta infos
15,10
#Processing times
10,10,13,9,78,2,65,4,68,8,35,7,74,3,25,6,40,1,24,5,12
9,1,23,8,56,2,76,4,57,9,71,7,74,10,23,6,69,5,41
6,1,61,10,45,6,69,7,19,9,13,5,32
7,5,16,7,31,4,73,2,77,10,52,6,43,8,24
10,6,40,2,21,5,75,8,58,10,58,7,33,1,80,4,63,9,73,3,39
6,3,59,7,69,1,39,2,15,5,37,6,43
7,4,31,10,80,1,61,5,33,9,47,6,69,8,42
9,6,32,7,73,8,67,10,58,9,34,4,29,1,12,2,50,3,32
7,1,49,4,50,8,28,10,77,5,73,9,47,2,78
8,10,27,8,55,9,55,5,12,6,72,3,59,1,51,7,73
10,9,33,2,12,10,56,5,51,8,59,3,63,7,79,6,27,1,72,4,56
6,10,57,4,37,2,45,1,31,5,32,7,16
8,9,21,2,14,10,36,1,29,8,39,7,69,4,49,3,27
6,6,22,4,71,9,69,5,52,8,36,1,71
7,7,74,8,54,2,80,10,58,4,41,3,62,9,52
#Setup times
28,48,64,62,58,71,72,36,72,41,20,74,21,28,78
47,40,11,48,37,13,10,78,65,12,20,53,38,14,45
37,12,43,75,20,63,68,33,28,71,76,25,51,30,41
58,42,16,49,62,78,48,26,74,40,64,37,18,80,45
27,55,45,21,44,76,40,33,35,71,63,52,68,59,21
39,34,79,20,20,66,24,37,61,33,44,21,20,56,44
57,73,77,65,46,35,19,57,76,64,54,64,76,23,39
54,73,72,63,70,76,29,68,60,11,24,34,56,15,56
14,15,57,17,64,19,64,33,71,34,62,38,62,80,26
49,72,74,30,80,42,12,22,40,63,32,33,16,30,68
74,74,10,77,69,39,53,22,23,59,13,15,51,78,35
59,68,69,17,26,11,55,11,35,80,22,43,55,42,63
44,61,34,48,79,32,76,22,74,46,12,32,62,19,32
75,49,41,47,32,36,40,67,46,76,13,10,70,35,27
67,73,32,79,77,51,66,39,63,73,34,13,27,29,70
