#Meta infos
15,10
#Processing times
8,9,14,5,14,4,64,1,78,8,62,2,64,7,36,10,12
9,9,46,7,35,6,69,5,53,10,14,1,43,8,57,2,71,3,68
10,2,47,1,43,6,77,5,60,4,23,7,59,3,14,10,73,9,69,8,41
6,4,59,8,23,3,14,6,60,7,34,9,20
7,7,50,3,70,8,69,1,51,2,23,5,54,6,74
8,8,31,4,10,5,80,9,71,6,44,1,61,10,14,2,73
6,3,48,2,20,10,61,8,59,5,37,6,74
10,5,37,1,20,4,77,10,13,9,28,6,57,7,34,2,35,8,40,3,13
6,6,62,9,80,1,29,10,20,4,62,3,26
9,10,27,1,37,7,54,6,43,4,80,2,19,9,37,8,27,3,44
8,10,42,2,36,6,55,9,13,7,61,5,15,8,80,1,33
7,1,73,9,33,3,61,8,59,7,49,5,80,4,37
7,3,49,4,55,7,16,8,18,2,42,5,61,10,26
7,9,36,3,73,7,62,8,58,5,37,1,43,2,46
9,4,73,1,54,8,72,9,46,7,73,6,11,2,65,5,36,3,33
#Setup times
41,54,55,20,74,47,54,39,20,37,45,13,73,54,69
55,77,37,54,64,63,62,10,76,69,72,58,53,43,53
27,78,34,23,28,30,68,62,25,58,45,57,28,51,30
51,39,51,76,76,76,45,34,46,79,65,71,58,32,27
51,79,52,55,29,75,62,33,56,66,60,66,61,80,33
16,57,78,42,73,27,52,14,49,74,18,17,28,52,41
60,80,69,56,66,41,44,15,33,71,17,48,69,76,32
31,40,52,64,49,40,61,62,47,18,23,14,69,52,71
17,50,10,55,62,51,30,80,22,61,51,70,60,21,41
79,13,64,39,39,17,55,51,40,31,17,64,80,22,70
72,24,19,35,61,39,26,70,11,30,71,24,66,50,14
65,44,19,46,51,63,32,66,55,22,39,79,11,38,70
43,55,45,37,15,30,80,31,77,29,27,61,75,26,59
37,73,43,24,10,49,14,59,35,70,73,66,72,43,18
48,13,38,69,79,54,46,77,21,29,62,50,18,49,65
